2072 353617053643833
311 866150002449623
2072 353617053643833
5056 866150002449623
311 353617053643833
2072 866150002449623
2072 353617053643833
2072 866150002449623
2072 353617053643833
5056 866150002449623
2072 BC52B74B95EB
5056 355482044490903
2072 354316054309259
311 0C771A3FACB5
2072 88C663B1DC04
311 860404000244205
5056 863015010936601
2072 60FACD018D2F
2072 A8968AD87D75
311 04:18:0F:5B:B8:07
934 861658010017640
934 861658010017640
934 359548042009444
934 6C3E6DE43B2E
934 352289052900894
934 358823040175039
5760 28E02CE790BC
5760 865053011033738
5760 357806040726100
5760 3eb22103fd6d8e1f92b93c8a3c9c63f545375e19
5760 357814041861983